52.2087 20.9297	541
52.2220 20.9175	602
52.2327	20.9016	678
52.2396	20.8716	785
52.2325	20.8301	1021
52.2222	20.8014	1257
52.2112	20.7674	1478
52.2058	20.7375	1638
52.2037	20.6971	1867
52.2006	20.6357	2233
52.1955	20.5768	2553
52.1902	20.5136	2911
52.1855	20.4558	3200
52.1802	20.3901	3353
52.1748	20.3205	3490
52.1706	20.2692	3620
52.1645	20.1961	3909
52.1585	20.1226	4168
52.1521	20.0452	4442
52.1454	19.9678	4717
52.1391	19.8932	4968
52.1326	19.8154	5212
52.1253	19.7314	5456
52.1184	19.6521	5677
52.1124	19.5839	5845
52.1052	19.5016	6073
52.0979	19.4188	6294
52.0912	19.3444	6492
52.0858	19.2838	6652
52.0806	19.2265	6797
52.0757	19.1715	6911
52.0691	19.0994	7079
52.0597	18.9980	7285
52.0516	18.9111	7468
52.0431	18.8208	7658
52.0343	18.7285	7849
52.0255	18.6363	8016
52.0168	18.5465	8176
51.9986	18.4196	8374
51.9915	18.3744	8458
51.9802	18.3025	8573
51.9697	18.2362	8672
51.9601	18.1753	8786
51.9475	18.0788	8946
51.9386	17.9855	9083
51.9293	17.8890	9228
51.9197	17.7902	9357
51.9102	17.6912	9479
51.9028	17.6160	9578
51.8958	17.5465	9662
51.8859	17.4461	9784
51.8793	17.3801	9860
51.8697	17.2845	9975
51.8644	17.2327	10058
51.8586	17.1751	10165
51.8513	17.1030	10279
51.8400	16.9938	10424
51.8290	16.8891	10577
51.8190	16.7939	10721
51.7992	16.6076	10988
51.7895	16.5181	11087
51.7749	16.3828	11232
51.7638	16.2814	11331
51.7525	16.1785	11430
51.7376	16.0454	11529
51.7277	15.9577	11575
51.7162	15.8572	11582
51.7050	15.7585	11575
51.6935	15.6584	11582
51.6825	15.5638	11575
51.6707	15.4634	11582
51.6586	15.3612	11575
51.6465	15.2591	11582
51.6403	15.2076	11575
51.6287	15.1104	11582
51.6031	14.9002	11582
51.5908	14.8010	11582
51.5795	14.7366	11582
51.5659	14.6823	11575
51.5454	14.6160	11575
51.5043	14.4826	11582
51.4806	14.4059	11575
51.4510	14.3107	11575
51.4223	14.2187	11582
51.3933	14.1261	11582
51.3544	14.0025	11575
51.3260	13.9129	11575
51.2985	13.8263	11575
51.2692	13.7341	11575
51.2406	13.6446	11582
51.2119	13.5552	11575
51.1708	13.4279	11582
51.1495	13.3619	11582
51.1220	13.2763	11575
51.1057	13.2133	11582
51.0874	13.1060	11575
51.0721	13.0056	11582
50.9447	12.1847	11575
50.9319	12.1044	11582
50.9219	12.0419	11582
50.7761	11.1565	11575
50.7593	11.0579	11582
50.6067	10.1826	11575
50.5904	10.0907	11582
50.2230	8.1502	11575
50.2090	8.0802	11582
50.0140	7.1282	11582
49.9943	7.0338	11575
49.8387	6.1343	11880
49.8284	6.0704	11887
49.6795	5.1730	11887
49.6637	5.0807	11887
49.4918	4.1044	11880
49.3143	3.1486	11887
49.2837	3.0269	11887
49.0078	2.1675	11887
48.9793	2.0802	11887
48.6684	1.1493	11887
48.6235	1.0177	11880
48.5959	0.9372	11887
48.5652	0.8475	11887
48.5376	0.7673	11880
48.5071	0.6793	11887
48.4767	0.5915	11880
48.4464	0.5046	11887
48.4140	0.4122	11880
48.3824	0.3215	11887
48.3522	0.2356	11880
48.3207	0.1468	11880
48.2914	0.0640	11880
48.2573	-0.0318	11887
48.2255	-0.1211	11887
48.1921	-0.2149	11887
48.1700	-0.2763	11880
48.1377	-0.3656	11887
48.1038	-0.4598	11880
48.0711	-0.5501	11887
48.0299	-0.6632	11887
47.9952	-0.7582	11887
47.9617	-0.8497	11887
47.9291	-0.9383	11880
47.8951	-1.0305	11880
47.8618	-1.1205	11880
47.8273	-1.2130	11880
47.7946	-1.3005	11887
47.7607	-1.3912	11887
47.7377	-1.4526	11887
47.7024	-1.5465	11887
47.6813	-1.6026	11880
47.6479	-1.6906	11887
47.6131	-1.7822	11880
47.5786	-1.8725	11880
47.5325	-1.9932	11880
47.5005	-2.0763	11887
47.4628	-2.1745	11880
47.4274	-2.2661	11880
47.3903	-2.3614	11887
47.3529	-2.4669	11887
47.3392	-2.5167	11880
47.3231	-2.5880	11887
47.3022	-2.6843	11887
47.2815	-2.7794	11880
47.2604	-2.8763	11880
47.2393	-2.9730	11887
47.2183	-3.0677	11887
47.1966	-3.1659	11887
47.1742	-3.2676	11880
47.1538	-3.3596	11880
47.1316	-3.4578	11887
47.1176	-3.5204	11880
47.0960	-3.6166	11872
47.0759	-3.7056	11887
47.0534	-3.8035	11887
47.0330	-3.8937	11880
47.0105	-3.9919	11887
46.9877	-4.0904	11887
46.9651	-4.1873	11887
46.9437	-4.2794	11880
46.9207	-4.3784	11887
46.8989	-4.4714	11887
46.8766	-4.5657	11887
46.8542	-4.6598	11880
46.8326	-4.7510	11887
46.8097	-4.8468	11880
46.7878	-4.9382	11880
46.7636	-5.0390	11880
46.7402	-5.1352	11887
46.7178	-5.2276	11887
46.6956	-5.3187	11887
46.6718	-5.4157	11887
46.6492	-5.5078	11880
46.6264	-5.5997	11887
46.6020	-5.6981	11880
46.5786	-5.7923	11880
46.5549	-5.8864	11880
46.5307	-5.9829	11880
46.5070	-6.0767	11887
46.4845	-6.1659	11887
46.4570	-6.2738	11880
46.4294	-6.3819	11880
46.4041	-6.4805	11880
46.3708	-6.6094	11887
46.3468	-6.7017	11887
46.3229	-6.7936	11880
46.2989	-6.8857	11880
46.2658	-7.0116	11880
46.2385	-7.1152	11880
46.2139	-7.2080	11887
46.1894	-7.3003	11880
46.1655	-7.3897	11880
46.1401	-7.4842	11887
46.1079	-7.6037	11895
46.0835	-7.6941	11986
46.0550	-7.7988	12078
46.0303	-7.8896	12146
46.0104	-7.9696	12192
46.0022	-8.0325	12192
46.0005	-8.1699	12192
46.0006	-8.2702	12192
46.0006	-8.3783	12192
46.0004	-8.5899	12184
46.0001	-8.6854	12184
45.9898	-8.7954	12192
45.9572	-8.9506	12192
45.9357	-9.0507	12184
45.8465	-9.4596	12184
45.8231	-9.5654	12192
45.8025	-9.6579	12184
45.7756	-9.7790	12192
45.7348	-9.9605	12192
45.6937	-10.1419 12184
45.6733	-10.2315 12192
45.6525	-10.3227 12192
45.6318	-10.4127 12192
45.5913	-10.5883 12192
45.5711	-10.6749 12192
45.5275	-10.8610 12184
45.4988	-10.9831 12192
41.3381	-22.5630 12192
41.3169	-22.6409 12192
41.2944	-22.7232 12184
41.2509	-22.8813 12192
41.2304	-22.9558 12192
41.2065	-23.0421 12184
41.1842	-23.1226 12192
41.1622	-23.2014 12192
41.1398	-23.2814 12184
41.1176	-23.3605 12192
41.0950	-23.4409 12192
41.0733	-23.5178 12184
41.0506	-23.5980 12192
41.0291	-23.6736 12184
41.0061	-23.7540 12192
40.9838	-23.8321 12192
40.9614	-23.9104 12192
40.9338	-24.0067 12192
40.9011	-24.1198 12184
40.8781	-24.1991 12184
40.8560	-24.2752 12192
40.8321	-24.3572 12184
40.8034	-24.4551 12184
40.7758	-24.5491 12192
40.7493	-24.6391 12192
40.7269	-24.7147 12192
40.7040	-24.7918 12184
40.6814	-24.8679 12192
40.6638	-24.9269 12192
40.6435	-24.9945 12184
40.6112	-25.1031 12192
40.5881	-25.1796 12192
40.5655	-25.2545 12192
40.5425	-25.3305 12184
40.5194	-25.4066 12192
40.4966	-25.4814 12192
40.4655	-25.5832 12192
40.4432	-25.6560 12184
40.4203	-25.7306 12192
40.3975	-25.8046 12192
40.3653	-25.9085 12192
40.3417	-25.9848 12184
40.3185	-26.0593 12192
40.2948	-26.1355 12192
40.2713	-26.2109 12192
40.2475	-26.2867 12192
40.2238	-26.3619 12184
40.2005	-26.4357 12184
40.1764	-26.5112 12184
40.1529	-26.5856 12184
40.1188	-26.6933 12192
40.0955	-26.7662 12192
40.0716	-26.8409 12184
40.0478	-26.9147 12184
40.0243	-26.9880 12184
39.9999	-27.0632 12192
39.9764	-27.1360 12192
39.9523	-27.2103 12184
39.9282	-27.2846 12184
39.9049	-27.3563 12192
39.8824	-27.4250 12184
39.8526	-27.5156 12184
39.8294	-27.5863 12192
39.8041	-27.6633 12184
39.7799	-27.7367 12184
39.7559	-27.8088 12184
39.7326	-27.8787 12192
39.7078	-27.9534 12192
39.6818	-28.0310 12192
39.6575	-28.1033 12192
39.6332	-28.1759 12184
39.6091	-28.2480 12192
39.5849	-28.3194 12184
39.5608	-28.3903 12184
39.5365	-28.4622 12192
39.5077	-28.5473 12184
39.4835	-28.6177 12192
39.4590	-28.6894 12184
39.4348	-28.7599 12184
39.4102	-28.8315 12184
39.3859	-28.9021 12184
39.3480	-29.0117 12192
39.3234	-29.0828 12184
39.2994	-29.1519 12192
39.2742	-29.2246 12192
39.2467	-29.3026 12184
39.2226	-29.3719 12192
39.1963	-29.4467 12192
39.1509	-29.5757 12184
39.1244	-29.6508 12184
39.0963	-29.7303 12184
39.0719	-29.7990 12192
39.0440	-29.8770 12184
39.0155	-29.9568 12192
38.9950	-30.0220 12184
38.9684	-30.1283 12184
38.9504	-30.2000 12192
38.9326	-30.2718 12184
38.9148	-30.3436 12192
38.8958	-30.4189 12184
38.8758	-30.4985 12192
38.8474	-30.6113 12184
38.8295	-30.6822 12184
38.8077	-30.7678 12192
38.7836	-30.8626 12184
38.7652	-30.9344 12184
38.7470	-31.0051 12184
38.7285	-31.0769 12184
38.7107	-31.1458 12184
38.6924	-31.2168 12192
38.6747	-31.2848 12192
38.6561	-31.3566 12184
38.6378	-31.4266 12192
38.6020	-31.5631 12184
38.5837	-31.6329 12192
38.5640	-31.7073 12192
38.5459	-31.7756 12184
38.5271	-31.8467 12184
38.5083	-31.9171 12192
38.4798	-32.0237 12184
38.4615	-32.0926 12192
38.4423	-32.1634 12192
38.4161	-32.2610 12184
38.3972	-32.3308 12184
38.3593	-32.4703 12192
38.3406	-32.5391 12192
38.3095	-32.6527 12192
38.2847	-32.7428 12184
38.2279	-32.9486 12192
38.1540	-33.2135 12184
38.1312	-33.2949 12192
38.1125	-33.3612 12192
38.0324	-33.6439 12192
35.1000	-42.5333 12192
34.6333	-43.7667 12192
33.6000	-46.3333 12192
29.5667	-53.7500 12192
28.0333	-55.9500 12192
27.2500	-57.0333 12192
25.0000	-60.0000 12192
24.3167	-61.4000 12192
23.7333	-62.5833 12192
23.5000	-63.0500 12192
23.1923	-63.5165 12192
23.1181	-63.6278 12184
23.0705	-63.6990 12192
22.9952	-63.8115 12192
22.9416	-63.8914 12192
22.8811	-63.9815 12184
22.7667	-64.1333 12192
22.7633	-64.1565 12192
22.7059	-64.2414 12192
22.6669	-64.2991 12192
22.6289	-64.3552 12184
22.5901	-64.4126 12192
22.5215	-64.5137 12192
22.4816	-64.5723 12184
22.4365	-64.6387 12184
22.3864	-64.7122 12192
22.3479	-64.7687 12192
22.2894	-64.8542 12192
22.2509	-64.9105 12192
22.2123	-64.9669 12184
22.1736	-65.0234 12192
22.1358	-65.0785 12192
22.0945	-65.1386 12192
22.0190	-65.2485 12184
21.9816	-65.3028 12184
21.9389	-65.3646 12192
21.9003	-65.4205 12192
21.8436	-65.5025 12192
21.8022	-65.5622 12192
21.7452	-65.6446 12192
21.7065	-65.7002 12192
21.6665	-65.7578 12184
21.6277	-65.8137 12184
21.5703	-65.8962 12192
21.5294	-65.9548 12192
21.4890	-66.0126 12192
21.4476	-66.0688 12192
21.4040	-66.1232 12184
21.3607	-66.1764 12192
21.3148	-66.2330 12192
21.2639	-66.2956 12192
21.2217	-66.3473 12192
21.1750	-66.4043 12192
21.1105	-66.4832 12192
21.0664	-66.5370 12192
21.0215	-66.5918 12184
20.9779	-66.6450 12184
20.9343	-66.6982 12184
20.8925	-66.7492 12184
20.8483	-66.8030 12184
20.8066	-66.8537 12184
20.7560	-66.9151 12192
20.7097	-66.9712 12192
20.6649	-67.0256 12184
20.6232	-67.0761 12154
20.5807	-67.1275 12085
20.5393	-67.1776 11933
20.5002	-67.2247 11674
20.4572	-67.2764 11377
20.4169	-67.3254 11095
20.3801	-67.3698 10836
20.3390	-67.4189 10546
20.3026	-67.4624 10264
20.2649	-67.5076 9990
20.2266	-67.5538 9708
20.1893	-67.5988 9441
20.1517	-67.6440 9174
20.1125	-67.6908 8908
20.0767	-67.7336 8672
20.0383	-67.7794 8420
20.0025	-67.8221 8192
19.9649	-67.8671 7948
19.9261	-67.9135 7704
19.8908	-67.9556 7490
19.8483	-68.0060 7224
19.8124	-68.0489 7010
19.7939	-68.0702 6904
19.7538	-68.1002 6690
19.6987	-68.1238 6302
19.6484	-68.1449 6050
19.6003	-68.1648 5875
19.5524	-68.1846 5753
19.5080	-68.2031 5601
19.4607	-68.2227 5349
19.4154	-68.2415 5136
19.3708	-68.2600 4900
19.3276	-68.2778 4717
19.2851	-68.2953 4450
19.2452	-68.3119 4237
19.2028	-68.3296 4031
19.1614	-68.3465 3818
19.1207	-68.3633 3604
19.0807	-68.3799 3383
19.0416	-68.3961 3170
19.0177	-68.4059 3040
18.9787	-68.4219 2827
18.9592	-68.4300 2720
18.9205	-68.4460 2507
18.8827	-68.4616 2294
18.8441	-68.4774 2073
18.8067	-68.4929 1867
18.7669	-68.5092 1638
18.7490	-68.5166 1539
18.7118	-68.5319 1326
18.6738	-68.5476 1105
18.6394	-68.5616 968
18.6211	-68.5691 922
18.6034	-68.5738 892
18.5770	-68.5675 899
18.5624	-68.5632 899
18.5484	-68.5590 892
18.5357	-68.5536 892
18.5287	-68.5409 861
18.5319	-68.5228 777
18.5375	-68.5021 671
18.5433	-68.4820 572
18.5483	-68.4639 480
18.5617	-68.4148 191
